10718376
10832577
10852425
10853677
10915525
10942784
11036479
11037170
11535330
11653002
11677166
11679162
11743339
12378167
12679992
13504466
13504571
13829716
13929346
13954873
14117286
14131068
14163327
14163620
14199471
14207713
14208993
14209007
14209017
14225337
14225339
14229896
14248788
14281591
14825312
14825377
14832049
14901980
14977238
15231772
15232664
15295467
15526532
15536365
16049778
16049831
16772145
16844086
16909161
16910531
16910573
16913932
16915164
17013297
17013565
17016424
17016460
17016628
17016698
17045979
17082456
17131028
17131508
17178192
17178402
17203943
17203948
17203953
17204016
17204156
17204170
17204498
17211220
17211265
17211270
17211308
17235833
17236052
17236079
17243746
17243884
17273733
17320704
17320709
17320723
17320728
17560672
17602442
17602914
17642363
17695148
17731178
17760053
17760170
17760172
17979381
17984470
18138991
18286440
18292841
18294731
18294733
18297378
18297714
18297728
18702690
18757135
18757455
18803073
18818422
18818424
18860299
18966573
19147842
19350194
19407529
19512086
19521315
19521319
19521320
19521322
19538424
19559186
19602777
19673957
19674022
19792166
19844752
19916291
19929090
19929148
19998189
20003391
20004258
20004461
20004624
20016353
20081533
20103805
20103809
20103811
20103813
20103818
20103819
20104472
20104487
20104683
20111494
20183074
20186115
20211929
20219939
20271151
20271274
20271276
20307841
20336567
20336568
20351815
20351824
20351860
20364682
20366809
20367751
20368746
20368749
20371895
20373765
20390698
20402884
20409736
20411933
20420335
20428362
20428365
20450915
20454552
20458173
20483521
20483543
20483545
20483553
20486282
20490508
20491422
20494218
20494219
20494244
20501867
20519122
20519132
20524743
20524744
20544395
20551282
20561031
20562696
20562698
20587946
20587948
20591808
20591980
20591983
20592086
20594961
20597371
20597375
20602926
20607183
20607204
20607251
20610553
20610556
20610563
20610598
20610625
20618763
20618775
20627412
20628360
20628377
20628405
20645554
20646697
20659696
20659717
20669208
20673322
20679141
20679325
20715697
20721587
20727050
20731448
20731457
20735075
20743422
20764923
20793632
20793635
20892317
20900495
20900497
20907372
20907373
20912196
20938032
20939390
20940733
20946606
20967598
20967599
20967602
20967605
20967608
20967609
20977659
20995181
21015891
21015898
21015900
21022885
21030963
21040400
21041919
21042109
21046428
21073866
21112826
21112882
21113001
21122836
21122864
21122932
21123336
21129277
21129392
21129456
21129494
21129541
21129868
21129907
21135895
21136522
21143434
21143447
21143528
21143986
21152282
21152286
21152341
21152342
21152437
21152522
21152536
21152570
21152583
21152586
21152588
21168292
21168297
21168299
21168333
21178657
21178660
21182509
21184766
21184793
21184799
21184803
21184804
21184806
21184970
21184973
21185014
21185016
21193469
21193472
21193474
21193475
21193576
21193894
21193895
21193899
21193983
21220143
21285611
21305847
21321081
21366636
21366638
21370145
21370301
21378921
21380448
21380870
21389963
21389964
21418923
21418976
21418987
21441010
21441012
21441013
21441014
21526986
21533331
21535018
21542489
21543285
21552554
21552556
21562737
21571780
21575060
21594415
21605829
21630506
21630533
21632040
21643033
21643698
21644237
21656018
21659655
21668785
21680216
21683779
21691637
21702064
21706609
21717195
21718341
21719321
21719462
21719464
21721990
21731420
21740625
21743433
21745499
21759965
21763125
21773430
21774616
21784285
21785431
21795191
21795854
21796106
21800598
21802675
21804400
21807761
21807800
21807985
21810447
21810490
21817773
21818224
21818740
21818743
21818744
21826450
21855941
21856088
21873163
21873165
21877502
21877587
21879566
21886902
21886928
21890056
21890595
21905364
21905390
21905420
21905564
21905741
21905744
21905750
21906206
21906207
21906799
21906897
21911360
21918930
21926637
21926698
21928446
21938927
21952563
21952616
21952632
21952670
21957001
21957002
21961388
21961521
21961660
21971978
21973290
21974686
21974952
21977412
21979861
21984798
21989342
21990453
21992145
21996734
21998442
22013708
22032430
22032439
22032497
22040023
22049082
22049084
22049233
22057072
22059638
22064514
22065604
22065640
22067555
22071484
22073859
22081732
22084597
22084946
22085909
22090139
22090214
22091052
22091055
22091058
22091062
22091063
22092935
22092946
22092949
22105593
22110618
22111205
22111273
22111457
22116272
22117518
22127651
22136608
22137742
22143108
22143164
22143234
22143237
22150773
22158337
22159440
22160098
22160101
22161216
22161267
22161409
22161933
22161936
22170869
22171412
22172132
22172140
22178585
22184411
22184415
22185400
22187650
22188113
22195883
22197403
22200028
22200029
22200395
22201576
22203668
22207840
22207850
22208539
22208597
22214225
22221275
22226501
22235327
22235353
22235367
22248096
22250700
22253127
22254225
22277605
22278497
22280377
22282531
22295496
22299280
22303341
22304688
22307566
22307577
22307587
22307594
22307602
22307610
22314246
22317158
22320092
22330570
22330578
22330679
22330686
22330696
22332659
22339703
22339741
22341780
22344897
22353686
22353693
22354243
22357043
22357697
22357849
22367860
22367872
22369431
22370326
22370332
22371610
22373919
22380181
22380369
22396833
22406129
22414089
22414702
22417400
22417421
22427470
22427657
22439659
22453520
22457505
22458184
22459377
22459546
22460115
22461081
22476018
22476032
22483918
22487719
22496132
22509911
22521049
22530191
22535110
22543138
22551183
22551213
22554678
22557994
22565437
22567928
22574373
22574384
22596922
22598596
22599711
22603851
22603855
22603857
22603858
22603860
22603861
22603863
22603864
22603866
22603867
22626171
22629247
22633677
22647301
22649294
22650588
22659137
22660296
22669330
22671779
22678693
22685065
22689210
22691534
22700384
22700414
22704718
22717317
22726068
22726383
22726456
22726805
22727732
22727763
22728914
22731559
22749640
22749911
22761948
22764826
22770812
22773221
22776942
22780244
22780273
22782749
22783660
22791184
22802059
22802665
22824729
22825583
22838930
22838934
22838944
22838984
22846813
22846830
22846833
22847019
22859138
22859433
22864798
22865981
22866294
22868821
22877777
22878066
22892507
22894768
22895433
22895492
22897691
22898322
22903412
22904080
22904631
22904846
22905661
22906355
22907913
22915625
22918249
22927541
22927550
22927562
22927584
22927840
22930740
22930744
22930781
22932159
22941998
22943467
22944442
22948334
22951555
22952096
22952168
22952557
22953284
22959971
22961097
22961120
22963931
22968010
22970328
22973541
22973749
22974055
22974389
22974397
22974457
22974462
22977197
22978050
22979885
22981085
22996659
22998142
22998163
22999401
23010392
23011782
23013550
23013626
23013692
23018878
23026710
23033937
23034790
23041567
23044433
23044434
23044435
23044437
23044438
23044468
23044495
23044553
23044588
23044609
23044611
23044612
23044614
23044616
23044617
23049130
23053337
23053575
23057299
23057311
23057314
23057320
23057325
23060747
23060769
23069700
23070908
23071368
23073213
23073214
23073229
23073232
23073233
23073235
23073237
23073239
23073249
23085319
23095654
23096301
23096307
23097289
23097395
23098534
23107279
23112793
23112798
23117243
23124052
23133475
23134382
23141683
23145669
23156040
23156076
23159288
23160574
23160666
23160715
23161271
23173528
23177839
23178148
23181849
23184900
23185132
23185296
23190091
23190099
23190603
23193522
23202027
23202067
23202426
23202501
23202701
23204005
23204804
23210493
23213913
23216504
23222307
23226419
23226424
23228309
23228912
23235983
23241322
23242085
23242261
23242290
23242753
23242805
23242817
23242882
23243004
23243045
23253776
23255267
23255493
23258184
23258437
23263782
23266587
23269960
23275513
23281439
23281661
23284890
23288007
23290470
23291275
23291435
23292219
23292225
23294583
23294631
23300350
23300997
23301096
23310299
23311788
23312061
23313281
23314108
23314492
23315228
23315325
23315560
23315916
23316807
23317927
23321719
23327492
23330014
23339331
23339358
23339373
23341535
23344627
23353380
23353461
23354154
23354628
23358239
23367489
23382842
23383283
23383383
23384230
23384816
23398127
23398591
23398753
23398809
23400198
23401548
23401567
23403819
23406376
23410078
23418191
23437377
23437392
23437396
23437410
23437428
23437430
23437443
23437447
23437450
23437453
23437492
23437493
23437496
23437518
23437521
23437525
23437547
23437656
23437679
23437684
23437689
23437699
23437716
23437727
23437752
23437765
23438219
23438317
23457293
23468025
23468750
23473544
23473555
23473799
23478607
23481655
23491289
23491296
23492071
23494960
23495651
23496257
23496924
23501120
23501865
23502396
23506746
23510879
23510958
23510991
23512618
23521203
23521243
23524550
23532354
23536927
23539677
23540392
23543228
23545082
23545234
23547058
23548358
23548384
23552993
23553181
23553510
23554558
23556053
23560346
23562175
23565416
23571692
23579517
23582107
23582313
23589277
23589489
23602743
23603313
23607165
23607174
23607182
23607185
23607191
23607772
23609427
23613544
23614298
23620670
23625248
23641150
23643011
23646292
23648857
23649266
23651238
23651303
23651308
23651705
23652332
23655677
23656701
23656703
23657495
23660423
23664405
23664448
23664474
23664506
23664617
23665315
23665590
23665611
23665747
23665761
23665887
23665889
23666452
23666824
23667145
23667179
23667267
23667504
23667607
23667630
23668014
23668028
23668050
23668210
23668714
23670409
23675905
23676100
23676671
23676847
23681375
23683197
23683288
23684450
23685066
23685700
23685705
23702759
23703062
23709301
23712968
23713293
23713859
23716084
23722369
23726203
23728020
23728097
23731845
23737013
23737261
23737263
23737978
23742868
23743250
23743558
23748460
23749828
23749831
23750393
23750957
23755033
23764125
23768835
23770852
23770931
23770933
23770985
23771736
23771751
23772191
23772196
23772208
23772223
23772235
23772236
23773415
23773419
23780430
23785327
23785368
23785389
23788359
23790774
23790801
23800747
23800748
23800750
23801593
23802947
23803654
23804825
23804978
23805308
23820764
23823307
23826614
23827538
23827540
23855850
23860660
23860670
23861068
23861513
23861993
23862077
23862326
23862413
23863734
23868752
23870177
23871816
23873627
7657693
7677064
7718035
7772716
7790103
7826697
7828706
7880462
7902622
7902702
7932015
7932200
7947275
8036523
8189512
8222623
8304074
8385590
8476613
8859566
8860209
9003402
9752856
9983642
9983977
23857522
23857309
23795827
23720075
23713257
23685217
23754714
23752117
23744139
23849228
23847734
23842637
23841829
23836018
23857018
23855964
23855889
23820140
23820130
23817398
23682388
23673957
23669349
23669251
23667204
23667185
23554091
23502782
23501585
23437031
23422991
23398720
23382612
23031235
22943456
22356551
22184835
21949592
21946934
21939662
21939659
21939655
21939652
21939648
21939636
21939608
21939604
21939601
21939598
21939521
21939519
21939517
21939515
21939512
21939509
21939507
21939231
21917190
21908243
21906506
21906238
21906093
21906091
21902685
21899141
21892342
21891996
21891031
21886950
21886942
21886923
21886919
21886918
21886917
21886913
21886900
21886897
21886896
21886894
21886889
21886885
21886883
21886876
21886855
21886850
21886849
21886847
21886846
21886844
21886842
21886840
21886839
21886828
21886827
21886138
21885949
21883393
21879749
21832433
21830523
21818764
21818738
21818737
21818736
21818735
21818732
21818717
21818715
21818691
21818550
21818382
21818374
21818363
21818024
21818021
21804397
21800102
21800078
21800072
21800063
21800059
21800056
21800026
21800024
21800020
21800014
21800012
21799965
21799961
21799959
21799941
21799693
21781362
21781124
21777742
21770026
21770009
21719303
21717785
21717021
21711471
21710056
21703695
21703612
21703579
21695008
21690186
21671267
22281026
21856705
21840140
21759401
21654073
21644381
21643148
21572005
21290491
21215590
21193476
21129397
21128554
21128546
21123205
21112899
21112879
21112731
21112494
21112363
21086561
21073893
21193471
21178332
21136382
20967593
20963182
20957874
20946347
20939460
20900498
20900442
20900441
20856211
20843291
20707329
20681316
20651229
20643513
20642263
20623256
20549539
20549535
20549533
20549529
20549528
20549526
20549523
20549522
20549520
20545464
20541195
20494278
20494228
20602924
20602918
20554290
20549541
20483511
20399624
20360682
20351882
20351874
20351872
20351866
20308541
20299691
20206630
20178412
20104696
20104585
20104481
19956159
19929184
19910547
19844086
19793596
19793594
19793593
19778399
19778297
19777843
19521321
19410013
19229656
18710467
18205984
17277666
17243193
17243178
17238444
17236101
17194191
17009128
16915179
16913950
16910555
16811491
16051243
15617114
15471569
15096237
14207680
14107190
12366675
11220970
11166954
11166075
10845197
10772345
9142407
9142382
9003894
9003802
8171653
8036310
20351827
17879884
23879993
23877429
18369433
21762715
7830407
7852941
7885376
23901195
23900976
23900926
23897251
23890145
23889243
23887855
23885239
21664743
21653123
21653122
21651858
21571777
23905714
23121607
23120220
23096165
23057396
23057394
23018562
23018240
23008292
23008254
23008252
23008198
23008120
23008114
23008049
23008047
23008009
23008007
23007977
23007957
23007951
23521499
23509791
23497802
23449337
23344725
23314043
23311947
23311916
23311871
23293057
23293054
23285816
23285815
23244723
23234320
23215763
23210200
23210184
23159567
23159346
23905188
23856165
23847511
23847502
23802778
23771411
23771357
23682856
23658844
23658124
23658123
23658120
23654684
23651759
23651758
23627111
23627100
23574011
23541604
23522396
23007908
23007888
23007840
23007797
23007793
23007756
23007705
23007687
23007685
23007392
22987795
22982135
22981954
22981940
22972970
22957124
22943203
22943185
22943131
22943106
22943070
22943051
22943041
22942727
22942721
22942720
22942718
22942713
22942701
22942684
22942452
22942439
22942336
22942324
22859342
22856262
22824097
22792386
22757166
22728758
22718126
22709402
22702696
22702694
22668130
22608720
22608677
22566586
22566541
22566537
22550239
22523466
22506653
22506636
22488882
22488881
22442256
22432307
22370063
22334189
22302119
22240531
22224910
22173350
22156263
22156250
22156236
22156227
22156213
22117341
22113535
22113514
22113479
22113427
22113424
22113377
22113299
22013814
21982333
21980514
23847916
23847903
23644247
23616845
23007843
23007824
23007728
23567850
23210207
23210206
23210204
22943021
22943000
22942985
22942916
22942898
22942868
22942867
22942800
22942795
22121090
21917345
21917310
21917303
21917176
21891563
21882808
21882790
21882783
21882778
21882774
21882769
21882756
21882743
21882725
21882720
21882715
21882708
21882670
21882668
21882667
21805234
20793890
20478322
7825815
7825810
7334022
7110103
7110102
5562120
23937801
23937120
23930669
23929110
23926553
23922656
23921085
23919364
23919345
23919330
23919317
23914471
23912673
23912318
23907895
23906775
23906736
23906712
23229189
23998563
23976543
23682403
23978488
23978492
23964446
23976606
23967436
23973535
23983563
23958564
23973996
23976569
24002126
7789430
7789434
7790115
23994606
7806084
23987631
23995847
23995888
5497210
23982208
5850868
20478339
24003726
20893443
23951839
23951871
23951826
23951817
23951883
23951850
23951858
23951878
23951831
23951844
23951865
24005742
24009977
24013334
19229638
18192498
18568029
17985859
24007708
24007614
22144775
21576460
21131927
20371720
23665780
22144817
18202635
18110505
18508306
21576456
20410087
20372926
21993858
23983514
21651061
21299949
21569008
23342028
21690905
21299947
21129146
21571752
24020247
24021713
24024607
24026281
24026332
24023065
24021455
20182599
24027366
24027369
24016720
24016741
24016751
24027361
24027371
24027374
24027363
18508304
21751708
21299962
24002137
24053964
24050137
24050407
24036532
24056808
24064938
24056514
24056601
24056575
24079729
24076032
24084277
24089278
24087173
23912083
5218381
