67602950
82141026
87535631
83808220
87498245
1762394
60488475
78312277
75539411
46055625
69956142
70680912
34253437
87545428
49560295
67413024
70497517
70252930
41507950
80392830
73518990
67994735
51590012
70582093
70352399
81855789
87545852
80594544
67137162
83016963
87493643
85980962
87515724
46285152
16940859
71389379
61435906
87575650
87483650
87610738
76363839
87581413
87486925
87591165
87492484
58148861
81879777
79044741
76744156
76825598
82231330
68788644
62492065
85509055
6589942
87556557
87482295
62258773
45387847
3071631
70133000
77883985
23437921
84602943
61388024
73139941
83564059
80567870
74453545
75878526
77048488
87570740
15126670
73423385
79780481
70925782
55123283
61269686
85085701
50509109
70081829
47165747
64822633
78508311
79203884
87569769
87581239
45576076
80035153
66580027
76967949
52957465
66337182
57515387
87532677
20186464
85779247
67341131
23068463
62182616
23320906
74038115
76572370
64846638
77637464
66857553
61579426
78369890
64967865
73421980
83892424
57047571
87623720
51416938
83902210
80431317
67729319
67407348
39486094
74650454
58122126
77479108
59177225
77840369
84387498
74434871
28083638
72794190
74952352
60865838
48355816
42459954
63547033
87529574
87535211
85673667
66647196
63472776
57808612
73782111
54531645
76422322
87581426
85067790
51711470
79214685
60087265
50970709
84019726
76681072
70005078
77273353
57963734
85269598
85262679
57113937
58631637
14231474
6256794
83603397
85423051
64429410
85140217
75247959
68126965
77265587
43487375
57071994
8355018
59665299
37025734
87545416
54734137
77163192
64124523
75881626
87484565
66522121
87599427
72925600
87545372
77892701
87484358
87492491
87532700
66364037
87566319
76398027
87488893
63134333
63176319
87496317
74386966
65037552
87591458
80545476
87640824
86862538
87581529
87488559
82411909
80979277
87595810
87097596
87465689
86875505
84130569
87594718
87645179
87633190
62869490
81941687
86015873
87199041
86469147
87626628
83431077
87492808
87583834
87588023
87007648
87611387
86939229
87431544
87590464
87571706
74165482
82061292
85756940
87615536
87628961
87492943
87352628
86036445
82351993
82364830
77334915
86145094
87622175
87557326
87581515
63150030
80332928
87374522
62636902
80711958
87536761
87609382
87600570
87582896
87484043
87581209
81149545
87488626
87602883
72156676
87504080
79807555
87581447
87533017
87596939
87583877
87581212
87572862
85300088
87582667
87614614
87581217
85591234
87601307
87548623
62974500
87155385
80740178
87326681
87609041
87653095
87653098
87474367
86992817
87653097
62695159
76435086
85485297
86483668
86460437
86426310
87653088
86552474
87439053
80193800
78377223
87653089
86425848
87328244
87482613
84678776
87549640
87294943
87581366
87653090
76596248
79548696
87514081
87582338
87581262
65822045
86436850
87609354
74137737
87563803
87584647
86817206
83313849
87581252
87581255
87529807
87508894
87060225
87609368
87572871
87609488
87625975
87609485
87609363
87611326
83410079
80365250
87492550
87535258
87603938
87211190
62288450
87609362
83260237
87489033
87610109
81904875
87434521
82284574
62493015
87535268
87526676
87573973
87578192
87581238
87571317
87130795
87609540
87609426
83793488
87583225
87550426
84998085
87583103
79135822
87618385
80146743
77041874
86290163
87653138
81213073
84680649
87653137
86036365
87536495
87581184
87653139
87622996
85612660
85281471
81880841
87499117
63190393
87653141
87653140
63267731
82110329
87653128
81062482
87653127
87583572
87492873
87624717
87535299
87351207
87653130
87549463
87199526
87371288
85905962
87337060
87618286
87653131
87653134
87653133
87653135
87653132
87376992
87492508
87653126
87653116
87583576
87601850
81213046
87653119
87581276
87616095
87610434
87653120
87506524
87470617
87040852
87557192
87653123
63286794
87597317
87653106
87653121
87608416
87617189
87653109
87598402
87514139
87342275
87584239
86238871
87506750
81397426
87460661
87619670
87608777
87597305
87653114
87653113
87653110
86485063
87609636
87609994
87610721
87492125
62922694
86306658
87577711
79804641
87645603
87343226
87469375
85944625
87587511
84156147
87583161
87653103
87593177
87230307
87609407
87653102
83542133
87629130
56153673
87604074
87514114
87581191
79780014
87470245
64120401
79731173
87183150
87609419
87605165
87593166
87480045
87598611
63163851
63596454
79132925
80791068
81332838
87148231
87230521
87044110
87217547
80762625
87621825
62705214
84216224
87587685
87530308
86825702
80208216
87623828
79632736
87515532
87504650
87492444
86665603
87371912
87254574
87401358
70842238
62637852
87514319
87589858
87501378
80296142
87603062
87245631
83270622
86845542
87548095
87511047
87386145
67375446
85423044
87469586
87596490
87387240
74183418
86910335
62457601
87214267
87541340
87629562
87584274
87642874
87469476
87552697
87530695
63737950
87079561
87574474
72945565
86016028
80315648
84348811
87454813
87498753
86496490
87616321
87391039
79844390
70630154
68895599
87343077
87604210
87471173
87498630
70227973
76278759
87615344
83221892
87529482
73499661
86617695
87054253
63153162
87503870
87408821
86998960
87254702
87556625
86673831
86796097
87615132
87613076
86093840
79545408
86162763
87556737
87033441
63167931
80280548
85403142
63143351
87627344
87620822
87595197
86599042
62667462
87581916
87623294
87598468
87568876
85816825
87523726
70579281
80419375
82710242
62518620
84156196
87591893
87603695
87652722
62622210
87605516
87543224
87493131
84137319
87631928
87556523
84306711
87472211
87556764
86046703
86403194
73092440
87650311
87347786
87041001
86800276
87625257
62960619
87556555
76160005
87603580
87507184
87556552
87379447
83305628
87567672
87556539
87629846
87626360
87155082
87603595
87534653
85650443
87591748
87427478
87299623
87477927
85337052
85270270
87496186
69745631
86422061
87169975
87533697
85764339
86059686
86723217
86989510
85250654
87635245
86435361
85019334
85041268
85493831
43029195
10011094
85836959
85033613
86938380
86216158
87567483
87291255
85423518
85858769
87301144
86503120
85327238
87259565
87261877
86916117
85776797
87523438
85626680
86804321
86081578
86860452
87141155
86873334
86105685
86131932
85147685
87048395
86917433
87006593
85029575
85199292
87114825
86883155
86567602
85656903
12743172
86339097
85503772
85513108
86520512
84922312
86213097
87097313
86173319
85689842
86306172
59554649
85995577
86897731
85639968
85950659
85011802
87178000
87100668
86213081
85979077
86088190
85664534
86930853
87534120
85836997
85487101
84841637
85788730
85950696
86827478
86804353
85524255
86735654
85822336
86714753
85114738
86173323
87064894
86997159
84734229
86522718
86396970
85762591
86907603
85881972
84788963
85801425
87233795
85283110
87014194
85972450
87363839
86032173
85991198
85530957
86468219
86047291
86310696
85178787
86774883
87349182
85624444
87048351
86249914
86308790
86477173
86977119
85157858
37983869
86992765
85456495
85852592
86213041
85876586
86212191
85741601
86469544
85030981
85311723
85740797
86042854
28713088
85323706
86330253
85393186
85357958
85372239
85328168
85980417
86117259
85494740
87326092
84810969
86926787
86666516
85309437
86433563
87182907
87224490
86233133
87037256
84948978
85256363
87203577
84678881
86208910
85688547
87537690
86597826
87436928
84615712
85677457
87517567
85295529
85279050
86353788
86914317
86662161
85295524
86250940
85970680
85491218
86899997
85839184
86739608
85436862
84970457
86072215
86767297
86212158
85885001
87234275
85539345
85076708
87256486
85561251
86507966
87322904
87353621
84960668
85670839
56525758
85572376
85249656
87482832
85100978
16134230
85540784
85872193
85239853
87005642
84645557
84933060
87149078
86520933
85295500
85654361
87478343
87349152
87306465
86307447
85157834
85600416
87467695
85706855
20156013
85383753
87585330
87331019
86872904
87531940
86157781
85923928
87104657
87114474
84672272
85905265
84986840
84982498
85715866
86028026
86271337
87010122
86662657
85109704
85038987
86109696
86949868
85453849
86763243
85313425
87575500
86500891
85768363
86306545
85355262
85979951
85325855
85553558
85346314
85727865
87174508
85035027
63435204
86192562
87002961
86193401
68954838
86274832
86040155
87185212
85542895
86601261
85414671
87576851
86537736
86662684
86911335
24475785
86926819
86362676
86144025
85335634
86899107
85907882
87218513
86930076
85206581
87173649
87129525
86339895
26649193
84674499
86073497
87577744
85905691
85902198
85036777
85078172
84835322
86557377
85511709
87012347
85320150
84983374
87388336
85268439
85150350
85816004
86213996
36003834
86314589
86373782
82286648
87119737
86647443
86418495
86573830
87544823
86843127
87640204
85152531
86304322
85814275
70730728
85066185
83566433
85480143
85404445
86203710
86687519
87399450
86157311
85804497
85023478
86076517
85022147
87021279
85147129
86850712
84966848
87057692
87520899
87504606
85101369
86088157
86363968
86709302
68085985
87249227
85743475
86427358
85742149
85760814
86306933
86540045
86474569
85546875
86069410
85616381
87380496
86112463
87212852
87286629
84960285
86900629
87056316
85926134
85720372
86564478
86917049
85580797
86368391
85014967
87179364
85795038
86414024
36131809
72868802
85150328
86873865
85598099
85102205
87438201
85848401
85349896
86162769
86188902
85562081
86552033
86707573
85940437
86909421
87500224
86274489
86057850
86277514
86312389
87305602
87190138
87415134
85357028
87014934
86277996
86466919
77498467
87275547
87034941
85115573
87576025
85779401
85627478
85334398
86905046
85514817
86740138
85152927
42866181
84949081
87369200
85614157
87162978
86380666
86975773
87612154
87211965
85999536
85349878
86824459
87290716
86533795
87074141
84731261
87276417
86745830
2584121
85954655
85975551
86880588
86024943
24489991
84711667
83181040
87641937
86219219
26739095
87522663
84780609
85283199
85078548
85630604
87575165
85714908
85416494
85775015
87576014
86987767
86577357
87266199
85815536
86082330
85778524
86804657
17196279
16965935
85076483
85983672
85261671
86301864
84863570
87214988
87476689
87063227
87304315
86184112
85786482
85042232
36886333
86129754
19082319
85534457
86652036
87015139
87008859
84867921
85573701
85799345
86442800
85422787
87349248
85890347
87156519
87296824
84986276
86108834
86701520
74819119
85145557
87021802
87143218
85283437
84940067
86206464
86138692
85381917
86080129
87262614
86564894
87404176
87317663
87339434
85582231
86952145
85298929
85054674
87004058
85204608
86162774
84964065
84820402
86714418
85146472
85216673
85378762
85051138
86467293
85593763
85903962
86447683
86906657
85019890
86809919
87603975
87086315
86084948
86893256
87546451
85409348
87169890
86862579
84935979
85946289
85396181
86246991
85729419
85273682
85188295
85252780
86920926
86563112
86401024
85947167
87347019
86781625
87626618
86522610
86056019
86417851
86771831
85428066
85455663
86069300
85032863
86127126
86279896
86738806
35171070
86166774
87043603
85049292
87187684
86198735
84703255
87283929
84878668
87538865
85823914
85519803
24456038
86667937
86357829
87155600
85905783
86399909
84806131
86042700
86361088
87480789
86127172
87139113
85690754
86027577
26138196
85840492
85662275
85471306
87446865
86465064
86228645
83682808
86850157
87053812
86665777
85773559
84887122
87289250
85470428
86409346
87456653
86958758
86017303
86806462
85214401
86874164
84817243
85791481
79013367
85305382
85854227
2583810
87025397
86654262
86455216
84801727
84396140
84291475
85760236
86283514
85039402
87437971
74893968
85300915
87216741
85211389
86268351
85076822
85374316
85920075
87034287
87384011
85885369
85768192
85333853
86895048
85123732
85607160
85972512
87374680
86341428
87414861
85421053
85855530
86348067
85895190
86903999
85154442
86353403
2583829
87431399
87023197
86107145
85093009
86353420
85234044
86082349
86933398
86643582
85730812
86119592
86730926
85377856
87001781
85773612
86155240
87479286
85840422
24450335
85473557
87046288
85129425
85750982
85197111
87232730
85257625
86055989
85691208
85439653
86295412
86375659
85676030
85541221
85749971
85266578
85289202
85346689
85700256
85762967
86908062
87417811
85943656
85425018
84665877
85011189
87137487
85631245
85780370
87332008
86191350
85093395
87574538
86555492
87217563
86363656
85698295
84971224
85442821
86066635
86298908
85068028
87069334
86053338
84706395
87585675
87515440
87072500
84948454
85400159
85234510
87044056
85819811
85359960
85970838
86624454
85244343
85714841
85546944
87125039
86504720
86890642
85246513
86189446
86504724
85599883
86875095
87616001
86738351
85231031
85535814
87014649
86814927
44477196
85917316
87243814
86133499
85426309
86637763
85010295
86590293
85861332
85438775
86846517
86728565
87588734
85193172
85164636
87453901
86742858
86626615
86223423
87308367
87515878
85153997
86964934
86388455
87116580
85340088
85609758
87116100
85089715
86403269
85669350
87516717
87460270
85997440
87260362
84929309
87605315
86510512
82917387
85220729
87059919
87406735
85368408
87147679
85891164
85673832
85672504
44908971
86918266
84992174
87564334
85927590
86844375
86275430
87248268
87079513
85786071
85090721
85765138
85788250
84895539
85184684
86477992
85707294
44027120
84891188
14672155
86486455
85217598
85298523
85621818
85150446
85202943
86429867
86692141
84941463
85674709
85796268
86076020
87357331
86669361
86315947
87590678
86012822
84893356
86217169
84747724
86797154
85650794
86475772
76858267
1473850
86168136
86064490
85555000
86099102
85555487
87264300
85124159
87052041
87355139
87605776
86239382
84723759
87006186
87031589
85274144
87652949
85952587
84839863
85952101
85151730
86915176
86985460
59959980
85098264
86774037
17826138
86961033
85872878
85522102
85850629
85882619
87405133
85376421
87570873
50923632
86646717
85550717
86319285
83371901
86012350
84978552
85545384
86194039
86681951
85908084
85688716
85970489
87546770
86073749
85154196
85274875
87606916
85180458
86164655
85683031
84947827
85775219
84623562
85891103
85731200
85617998
85961992
85236148
87546793
86459135
86621406
87123502
87560605
84574076
85634055
85378625
85860862
85936592
86334431
87283414
86314842
85239641
85422846
85572550
85799251
86235961
85813641
86035002
86884652
85653642
85591221
86070669
86541215
85125666
85126512
86517596
86468020
86116584
87294599
85104727
81677891
87285622
87161801
85639729
87213986
86864626
86964481
87474599
85103884
86833911
84931012
85400650
24458520
85341734
84727729
85564909
85286880
86407924
85237030
87084250
86319260
86589619
86353128
87431433
87517380
87570896
87112430
86203036
86873545
85444663
87534372
86608416
86894478
87099723
85617902
85655848
85130128
87396171
84935426
84613338
87257996
85004472
86087503
85373785
85538686
85726230
86055901
87253160
85891962
85594378
85424677
85292698
85793992
85073004
84563318
87003693
86039418
85090033
86431168
87366773
85667836
85396897
53661147
85846914
86178893
87126168
85008838
85459763
87132838
85289044
85376823
85483888
87364109
85272613
86153513
87266478
17824457
87215301
84330392
85806489
86197180
86178414
85053851
85472725
84869859
85762778
86403920
87150252
85504458
86015485
87478140
86128153
85637967
87304003
85916527
87612768
85665699
87198252
85459305
84659904
87387670
86267117
86964060
87094475
84562494
84994678
85736044
86517985
86055911
86037268
74732857
85053867
84939822
87258892
64674924
86864244
86698369
84658601
86158826
84841464
85356847
86176658
87562409
85331546
85030718
86164680
85482500
85637940
86575864
85772572
86574538
42015321
85456215
85295759
85111419
87434588
87348074
85189626
85330680
86080059
85214792
87072676
86023064
85571278
86228716
87091395
85311953
85303091
86246247
85981560
85505340
74180308
87396581
85855882
87308883
87536158
86173178
84214558
87503130
85703587
85155898
84993303
86487255
25155027
76458890
1397753
87309324
85797827
86927942
85946807
57425197
85109931
68986654
85344398
85098702
84971127
87434006
85244658
86982682
85770470
87185433
85789078
87619435
87297149
85139330
86327692
85633546
87402411
85529675
85774818
85865606
85505248
87207675
86353517
86511347
86795056
84985749
86512678
87139988
85819714
86766958
87287797
86626774
86984836
87575748
85369231
87014712
87126232
86477471
86420526
85733060
85600622
84891231
86773261
87470134
86537504
84951983
86279059
87056152
85125156
85837106
87062822
87436237
86616505
85648728
85334545
74486854
87348935
86451255
86284440
87045431
87549045
87507925
85987351
86318713
85520432
85141217
85149118
87626152
85472795
86888223
87088184
87584293
85722351
86493907
87409085
86097219
86465446
85061976
85826016
86179790
87265589
84925283
86295569
86995532
86941703
11942261
85058794
86241736
85965592
87330395
86409780
87292705
50070819
85120731
86560756
85234440
85000136
86996868
85323876
87005802
85886997
87093503
85794397
86461089
10155008
87482178
84700304
84787084
85194111
9911559
85026747
87403353
87182794
85434901
84976898
86431605
86402298
86303651
86939084
85103314
85488767
87485694
85490601
87119081
85734770
85183445
86823321
87384612
84904375
86275545
87090453
85683514
86909685
86780401
87431822
87048914
85455842
52433164
85522670
86341908
85910437
86059812
86211526
87078789
86931587
87132074
84861452
85160356
85130909
87606544
25163958
68153856
24611839
85398186
85404230
85253529
87229022
85901950
86562078
87019569
87334326
86602389
84968821
85662639
86732758
87533533
87496779
83229288
85816639
85503929
87189391
85420775
84692083
53074763
87248179
87013837
85250055
87556639
86661522
87317811
85419783
87089420
87116840
86464973
85255772
85879374
85877190
87140931
87380203
87483488
85522235
85116640
85289509
86404499
87025804
87590544
87337863
24535205
86791955
86513966
86125576
87264668
85294099
85127787
86117978
87264664
87611099
85077462
86953789
85943748
86321052
86569500
85117985
85125108
86915053
87473205
85158498
84950297
87267283
86280910
85331872
85835364
87534657
86527234
87511784
85992394
86227060
86943872
86392675
87088764
85310927
87166594
85169309
87374411
24609913
86836013
86437661
87009934
86050972
87034918
87351314
86300793
87438188
85076230
85079740
85616780
86322555
85703088
24501331
85905931
85030467
85388305
87375751
85618938
85069927
87006410
87110561
84752804
85447840
85261411
85846865
87499592
84862019
85986917
86141618
85250311
87426178
87006888
86094536
86163454
85101759
86646808
87003378
84957966
85859752
84516038
84932209
87638869
86883272
86128660
87193754
85865198
85513430
87002058
86835156
86872548
86550059
87644277
86898757
87147869
24528858
84898878
87223682
86639273
85006335
84820646
84298275
87475556
86610851
86473715
87188342
86962194
87122559
86764065
86752092
86519669
86049940
85784021
87442224
85814860
86049937
86067398
85147500
84785325
86424396
85865139
86173208
86711124
86067355
87472066
84528043
87441374
86215132
87095470
87028238
87472069
85271255
86195469
85801540
87308926
85329977
87518348
86344305
87146526
86688296
86902031
86067375
85431475
32814985
86830735
87139365
87303227
85931818
85650054
86085683
87559531
85613660
85503690
84926830
86180830
85501030
87609461
85898485
3186879
86969627
85127082
85904215
87517473
84856646
85455054
85495977
86597517
85207500
85506732
87279658
87294837
87215215
85788821
85913155
85473728
87532080
87143870
86094146
84373210
86646435
86244117
87636622
87005989
87094134
86131439
86332791
87439088
86958987
86005510
86426913
11289541
86331463
85837076
87464093
85090166
87488065
86752510
85862071
87201023
86426921
84833969
87350042
84926859
85089186
85494625
85743935
86190653
87574700
86165236
85676211
86918800
85840228
84988287
85726129
87550307
24458021
85057087
84728323
85894082
86669914
85794757
86700090
74480594
87419063
86135825
87253079
85320775
24451866
85070057
85342573
85251601
87083443
85042831
87068270
87546294
86807570
85726542
86577930
84113725
86361293
86257478
85144431
87374466
87062519
85310992
86821894
85633698
85576612
87492518
84983401
85373250
84939729
85281460
86167847
85843797
87073616
86559258
87527557
85457211
84737692
85792123
85310983
85467004
86259662
85492884
86112716
85014382
85177794
85866401
87548004
86517423
86951912
85680741
84683900
85279149
87373594
10338083
87276558
87482216
85690583
85027753
86021975
85414105
85633671
85962184
85769352
86993207
85539133
87000202
87173315
84609918
85308163
85556935
87069563
85084679
87220985
85127487
86568596
85160072
85485303
85738603
85264158
86073185
87300619
86557467
85890903
87457230
2583598
85403445
86419429
85354054
87296147
29751885
85560198
86193771
85349943
85024264
86825806
87020282
87353155
87319273
85188887
87307234
86264931
86889010
86718500
85717703
86739493
85634976
87126104
87524094
87551210
85073610
85244552
87170252
86605985
86972756
87139404
87599656
85153727
86072293
87619324
85510745
85632302
85174667
87138592
87599655
67386321
86423994
85727906
85596117
85539178
84879662
85370117
84877001
86536538
85185300
86211218
86147893
86828090
85133701
87317049
86223677
85330045
85864607
87588529
85836183
86033941
86339757
85716804
84616610
24602801
87077148
87296198
86286729
86444879
87344653
85667383
85565428
87218617
87576532
86054867
85629104
87076296
85253052
85037515
86480940
85459092
85849481
86983009
85520596
85896623
87006394
86021583
86170230
86261493
86890055
86781848
86836537
87314883
86312250
85157292
86208029
86556523
87505807
86814728
87495121
85569847
85591306
85139848
87407824
87135423
85663826
85079338
87589872
86011317
85951464
35994352
83464006
86923875
87192015
87322045
87566305
85799997
87391014
85558711
86223624
85103892
87297402
87006388
86678067
85450288
86274794
85509347
86674934
85617573
85140816
84951463
86439419
85408715
87131089
87450668
85606444
86672756
85489700
85744898
87252546
87369554
85114120
85418583
86450683
85047720
87088692
87193764
85076277
84657185
85201847
85407452
87211604
85233838
85973285
86045981
85325562
86744861
87302437
86173713
86111084
84614044
26840966
85639793
86171549
87368687
84859201
87179041
87043793
85895747
86065580
86076228
85706167
85868132
85850879
51813851
86449248
85745755
86784075
87085166
86116756
84999406
86943857
87136317
86557882
86983048
62981259
13292273
7007369
64039568
43573971
80248366
80132896
82957191
76995599
38681384
75157968
78532174
53479709
36573645
67585800
80880468
72075161
74479532
82085040
70764920
85547368
68285953
76995585
81544385
63272481
63150612
59805575
16078179
75342980
40198196
68360134
65921962
84116049
37128682
35756873
44786731
72234442
62485566
45374182
69978991
61532643
55766221
57753443
80095999
61447326
81536436
80988214
77098266
66874972
28470648
58115179
69463109
44873217
58074761
33297632
79305838
71470344
83957659
74442029
48561155
77326668
81564552
53236990
72432453
72409552
72414229
72437588
72403697
72414464
72423739
72437463
72439760
72417742
72399787
72426696
72396043
72436246
72390722
72433536
72418036
72417068
72423746
72417294
72424943
72423734
72420105
72421314
72419118
72425920
72435827
72428295
72432553
72406145
72413928
72431347
72435701
72407353
72406149
72417040
72401806
72391713
72417165
72430371
72390505
72412729
72422870
72434728
72422993
72398348
72408331
72413801
72400727
72430488
72417271
72416077
72423831
72429016
72419217
72406120
72431684
72416174
72411760
72405159
72405391
72430467
72421989
72421755
72421996
72432788
72433969
72432998
72432515
72408310
72397447
72430693
72404164
72426190
72418346
72432631
72418691
72416021
72415177
72431784
72414080
72421980
72416278
72439144
72418336
72418219
72426076
72419669
72428361
72394087
72416031
72418563
72416143
72419773
72428379
72417599
72421974
72417357
72432615
72431646
72431403
72416269
72410968
72430554
72417581
72390206
72418552
72392867
72406019
72416254
72421843
72418796
72429205
72408507
72410723
72425086
72390323
72428352
72407663
72439356
72417571
72414072
72418542
72417694
72417334
72416365
72428589
72392510
72391544
72429556
72390335
72402186
72407996
72431864
72415259
72406787
72415498
72406424
72415497
72420727
72414282
72437161
72438372
72428457
72439234
72418417
72417328
72425184
72405128
72425050
72427486
72390466
72390482
72421923
72439697
72415148
72405465
72414056
72438486
72414177
72406557
72416462
72419735
72419977
72428687
72426263
72428686
72390234
72431729
72414269
72405797
72414025
72406768
72403049
72405552
72414142
72415472
72415592
72390646
72416331
72419600
72390408
72392948
72416335
72393918
72417787
72419727
72431832
72419726
72391852
72428310
72430984
72415367
72414399
72414276
72414154
72414033
72405569
72414151
72407614
72390778
72428549
72425033
72416326
72426123
72432917
72415217
72398264
72414365
72414489
72415212
72408925
72414122
72415452
41978795
83695739
35007977
59716746
87644475
81090615
53121230
54618347
81486269
87514085
52126839
84980580
64071270
39508041
82618568
76145174
86164893
68056846
49485452
79720035
62386808
3360239
78814303
74731706
75225362
84808425
66908079
49635950
87631306
87579956
48236288
62977543
75709067
52138562
21109135
41103077
45214088
75336691
39083266
86379945
48927486
55722469
87595578
87535790
30971623
84899204
87610779
18021394
51625171
71580642
64070803
75294671
86221940
69529451
66949843
20237358
81618683
72234432
43781804
30259383
79912996
48730871
77259448
66747292
85212590
78217482
71695885
87643106
87623692
57877623
87649421
87526979
77309422
58109424
87576236
62822397
11345809
70618795
29346502
50899253
64267233
87638494
87663591
17840416
62783959
87639841
46913688
87600078
87568258
87651883
67507815
87565002
87652717
87536002
87623275
62442948
55338597
62707283
87631947
87546794
87607469
44208900
56844886
68986842
54930639
73838405
63966688
83818053
63207307
78510327
87615327
72789287
73735310
55335359
87622646
87558880
87541933
70695631
81578821
49499539
81491756
87634272
62957545
87533453
78305581
62479381
87654687
67808672
87653579
87543247
62976075
87663016
87652804
87522573
87644516
85898198
86633655
85642968
86252710
86029489
62642213
86174339
87668142
87622982
87700999
87666523
87362891
87632074
87531051
87632750
82720477
87654404
87691990
84800666
86929894
87683102
87600047
87649634
87641594
87673718
85069364
77031929
87118960
87642430
86893746
87506845
63564346
66308108
87683359
87688922
87635440
81439591
87659891
87643893
87596398
87652688
87651251
87662150
87631886
63866493
87698065
74200144
81411237
80355170
87552683
87640239
87626826
87208288
87568254
70434240
87600358
87643044
86093895
87698070
87666169
87652682
62579013
87653759
87633364
87632391
74129396
62347713
63630669
87667365
87683029
87632161
86914125
87641304
87691567
87688711
87658519
87632128
83527099
87631952
87647981
87678004
62692889
87646095
87558116
87654287
87578081
87527851
87653871
87574287
87631962
77250957
77764899
87592010
87649605
87519778
87537543
87662326
87272585
87701008
87701005
87701007
87701006
87643944
87640315
81204793
87701001
87701002
79620280
87701003
87655246
87599452
87652770
87567522
87595513
87632347
74991882
87633475
87644571
87660377
87639542
62506593
77865567
87645665
87653174
87694189
62549707
87665142
86066913
87653830
87632359
81465184
87640535
87319208
82721714
87523165
87695724
87641507
87693666
87652870
87632122
87216637
87694095
71702095
87632329
87652859
87652738
87360976
87681694
87700979
87700978
87640783
87700977
87700985
87643458
87642006
87700982
87673422
82407451
87700980
87673421
87649694
87654904
87061519
87647151
76864497
87700989
87659917
87700988
87700987
87579419
86860673
87700997
87700996
87700992
87644315
87700993
87647948
87632102
87700990
87653022
84623636
82314310
87639537
74805593
87523862
82668680
87655426
87700991
85440330
87543592
74181089
51462072
87646710
87666322
87665112
87609440
87688428
87701009
87515126
87701016
87701015
87701013
87666468
75706564
87701010
87650524
85235498
81872796
87484202
75801640
87631902
87631904
87640188
87700974
87666667
87700975
87639750
87667756
87700970
84890063
87632444
86155529
87653242
87701014
87656510
87651987
33600478
63100583
79127582
51882028
75322789
43092507
87549818
87629585
87624952
87667412
76954030
87667428
62702831
75521497
10292348
67472521
87659155
87634770
79382630
81938980
87681939
82133884
85591272
84899523
62550326
87655649
76404477
87550454
87073713
87283402
87673618
87573684
85345593
87655989
87668820
87679270
87574329
83073927
87557200
85905929
87586760
87573694
71676520
87576836
87678971
86871349
86319744
85338256
79008987
87694361
79583847
87660882
62684859
87704450
83730802
87673399
84739843
87542623
63067383
87625322
87673391
87658338
62457038
78265264
86101782
87681615
87681981
87214168
87673380
87674227
87609394
87645137
78994593
83886532
85699185
85227467
80416121
87655019
87652668
63000916
79803603
87673486
86286734
87664645
87670762
87633016
80818903
87653085
87672027
87707211
87682967
79564932
87707213
87707215
87707212
87707217
87632129
87674206
87663547
87707219
62545132
87658081
87707214
87707218
87655017
87707222
87626357
87707220
87707221
87707224
87673460
87619382
65148322
87659719
87707225
87707229
87644484
87707227
84998219
87667226
87653740
87687896
86464537
87653186
87673456
87658617
82441948
87666360
86999135
63401342
87673447
63485860
87675861
87577651
87652749
87652745
87581240
63409186
87631943
87563941
87673554
87674404
87674400
86456934
87671939
62501336
87707252
87707254
87707256
87676383
87707257
87662776
86602383
83934966
64246793
75943463
77818030
84035998
79730186
87707251
83436438
84163950
87575972
62992344
87643471
87536259
87360186
87707253
62684560
87673418
86820096
87606280
87570053
87488018
79766413
86128996
62827765
87707234
87655308
87707233
87707239
87707238
62779623
62643586
87707236
87662995
85653148
87707237
87665599
87687104
86962491
87692800
87696292
83251744
87063962
87581265
86481087
87601177
87707241
87707244
87640725
87673647
87514141
87707248
87707247
87674172
87707243
86361265
87707249
62817835
82881147
62570727
81992255
87707246
81237913
87704655
87664373
87659463
87670368
87303624
78239264
52078121
48802816
87605605
77609525
81966292
84223311
75701807
55991735
57760738
84648182
58549097
64118130
63184889
55852611
63205330
86094437
77838426
71302079
87599760
74996725
87642883
65615260
70121907
73598455
65527236
77152324
65948968
67369952
56811360
76549827
63951035
76630874
81798260
80921489
59772212
76555045
76669570
78435677
82377518
79583453
87562053
86294697
86905114
76963369
80971280
87711441
63048493
66674480
76033613
87416155
83682377
87575814
79490788
87591052
87336661
78323842
86036398
87652759
87644692
65872354
87102023
87716140
78309288
87596054
82014024
87591616
86194055
87676604
87609774
87663238
80857792
80902903
75709101
87548201
85672405
79981801
86224421
83736901
83727611
78533060
87716128
87716126
82508790
87716122
87716127
87716121
87716124
87254962
87716123
82169888
79730187
87572469
87350146
80438864
87716136
87716137
86333956
87716133
81730978
87716131
87716096
67265336
87716097
79270046
81980694
87713819
87716109
87716094
87716106
87716107
87609603
87716104
87716103
87716100
87716105
87605760
85648911
87557970
83219649
86039515
68302572
82030906
87716116
87716111
87716114
87716113
87716112
87716117
87535223
87596002
66941488
80074571
86521758
71944911
49284361
75778903
78468318
84907990
43609571
59333851
49064854
74857125
54041478
87571371
52626114
55829455
73297494
57081324
80500737
60960684
78673658
87625468
60453288
83088427
77046235
13084609
73580432
67412329
76976284
48288511
69297688
62593374
53965003
84932457
78026084
62234997
84777875
81850801
75876229
46241649
81019300
80102544
42679848
74129239
51208904
79812005
53728475
75687321
43550969
74488476
53034293
55753395
67437944
14764000
48317169
60439134
52405266
68684709
77329543
52033255
83451340
86076095
63511691
62592920
87722328
87660635
87722327
84227877
87722333
87722332
87722330
81692086
79203994
87722337
87643616
87722331
87722335
87722336
68912031
81649643
86485308
87573835
82402672
78346150
85852470
87721942
87722317
87722318
87722319
87722320
87722321
87722324
87722322
87689199
87722326
87556041
63170287
87722361
87722323
81879815
81502856
79406421
86121049
84932453
87722360
63352003
87722349
87722355
87660854
81330274
87722352
85887928
87615615
87722315
87722351
83824218
87722350
62827717
87647010
87137999
87722356
82342141
87629886
84163692
85957437
80638598
87722344
86483658
87722342
76016657
65935817
87648872
84944133
84982654
69890440
87382046
77403509
87529233
87635767
86451973
87601995
81896544
78071198
84322812
87484081
87208519
87265894
87088414
76708229
86470034
81061279
87581415
83305820
87377929
87586120
87674139
77755556
68883799
87384275
85682602
87580546
85522425
83991458
87540443
80068656
87634901
87652872
84397987
87628462
87722495
87688652
83833067
81795886
87722499
86916455
87722497
87673825
87331064
87722494
87722490
87722491
87630676
87722492
87595321
82151162
87582658
80352466
87645534
85714577
87535287
87722485
87666845
83117983
87722487
86859684
87722484
82276057
87558025
79001140
87576551
87722482
87722486
78265274
82293850
87722505
86942351
87722504
87722506
87654597
87722507
87722476
87722508
87051106
87722475
84136640
87722511
87722479
87722509
87722512
87722477
87722510
87722478
81341493
87650127
87722471
87560242
87595043
87722470
76533140
87650882
87650124
87652702
87550036
82066016
87597207
87722465
87722464
79962672
87722463
87641823
87722500
87722469
87115373
87722472
59260474
72641541
48544996
47979030
48229930
86323940
74265548
84699476
62800098
68296699
79134582
34045436
69663408
76539183
37774936
79922139
78519865
67162375
85741054
76419638
82223734
68698295
75772775
87698147
35522978
78165541
77369067
36766618
43382322
43579431
61169484
87216980
63304069
74016408
38274615
78106859
37116347
62740716
77683859
74481708
81962769
68033001
60187345
47974562
17148739
62406788
55739839
75673985
77304654
70676963
71492208
50367197
67991255
70385021
79447330
43084975
75783438
48626869
23927792
54257893
36568195
87710398
74226854
87698030
75017233
49336056
59612057
87642951
11765689
69660263
51160511
86464832
85157935
87675458
45571942
82893787
67130521
87692991
87730232
87730230
87708387
87706883
87609508
87730234
87730233
87681652
87689936
87574311
80353489
87698370
78826110
86037371
87609460
87629071
87700146
85783539
77179894
87698090
87578487
87730227
87730226
87558350
87688966
87698006
87679624
87730228
87730229
87146909
87705042
87699874
87632935
87730220
87698026
87730222
87730223
87714311
74014752
87687926
87730224
87717380
87576992
87680060
87706813
87698418
62684480
87651164
87698034
87714674
87714526
87675112
87706186
87690393
80699009
87698033
76868418
87661590
87700514
85887095
87673449
87693657
87677125
87711425
86689192
87684148
85691704
87684797
87698048
87719094
87577018
87624114
87683349
87713964
87666078
65931813
87688246
83009178
87727678
87676828
87712193
87573947
86977967
81932635
85851193
87699141
87707817
87446330
87675455
79766498
87727704
87607480
87625901
87570282
87712457
87694526
79496671
85612820
87715041
87689236
87687576
87730260
87558941
87730259
87730258
87637912
87706576
87581333
87730250
87730252
87698076
87605766
65857114
87711698
87730257
87730255
85452039
87305822
82730072
87684989
87698192
87690105
87568091
86048638
87704642
87700317
62684498
87598044
87664785
81538853
62618100
87644803
75807974
62808999
87730351
87730354
87730350
82234981
87730346
87730348
82495866
87658641
87730349
63393004
87730341
83840129
87674796
82246619
87730345
87730342
82404539
87730335
86905926
87730337
87730339
87089908
87730338
87649189
87730333
87730332
69242220
87645939
87702700
87730325
83399105
87730327
63083647
87730356
84087058
85193134
80196349
87730321
87730320
87507806
81775425
87730323
87730313
87730314
87730315
87691401
87730317
87730319
84431284
82728055
86336659
87688649
86924914
87703697
87730328
83206962
85485576
87651373
83343869
87698588
62456051
84472293
87598164
63115438
86627263
87645062
86626213
65915447
87694099
86863129
62887455
79740999
86966729
87673406
87674617
77630357
87604963
87711620
77666979
69354679
82135820
60785900
57862620
87472445
84971080
71701042
75171282
83199735
84270216
77573392
84767081
12877998
75278303
85731383
77085406
83498125
69026793
60175203
68145920
80402250
76138376
84557254
82627434
32017482
82377736
77197990
87656879
57416796
79520970
53727637
85550330
81702515
53799636
82266993
79134755
75402340
59976925
85842343
70531413
56871483
85791358
84946471
82276630
71094477
71966831
51942659
87720288
77653956
85885302
85684980
87732495
87761659
72479782
87761658
87485325
87739963
87746935
87720703
87748204
87722298
77587229
83592061
87697039
87722577
81519031
87761662
87761661
87761660
74128888
80056067
85714771
87618291
87716850
87732489
87706654
78397529
87709922
87732532
87721506
87700314
87626074
83377105
87720785
80671757
87721902
79835955
87698017
86948373
87698155
86914503
87708032
87761675
87706741
87720921
87708008
87714002
87720887
87761674
87738572
87722312
87704169
87761684
87508475
87723241
87761681
87711802
87739781
87761665
87761703
87761664
87761669
87761701
87761668
87761700
82782729
87720119
87761705
87761702
87715463
87761666
87624357
87703915
80404171
87720122
85480512
87724602
83257758
87761673
87723513
87410048
87761672
87761671
87761670
87761704
87743187
87761696
87743625
87761699
87715275
87734351
75976934
87746467
87726694
87720357
87720190
87688251
87697995
87761686
87761685
87698847
85666428
87654624
87761689
87737174
87720854
87761698
79792801
87751300
87661040
75313170
87738381
74855848
82931116
84195955
87761694
87747165
87691664
87761692
87761693
87737964
74217601
74151556
87713877
87025770
86626577
87721312
87738778
78279343
87706428
87705617
87601043
85603404
87739343
87751666
78365134
87698228
87709500
87742322
87710894
84704282
87737032
87698004
78875368
87445837
87746928
87709092
87751283
87740309
75999729
87745684
87700327
87674576
87719696
87721098
87698517
87667917
87685822
87583128
87673425
63126271
80463452
86928474
84449593
65608519
86162852
81322706
85158661
87685577
87763286
87763285
87658521
87763282
87763284
87763288
76671516
63993206
83492606
87763281
62443077
87763287
87717547
82693472
87709404
84262545
87763274
80315592
87673737
87763277
87763276
83473237
85101105
85715485
77734346
86914161
81956143
82092715
87763273
87126101
86967733
84590653
82882701
87720882
87632002
82596382
63005335
85607410
87690277
63170025
80238379
86355997
79872328
87712202
87385756
83866277
87497982
83927860
85485335
86742175
87763240
87249385
81767212
87763245
87763244
87763243
87760995
83859447
76315323
82784607
87602403
84167356
87735711
72277559
85139497
87763242
87642382
87625738
83555919
74079326
87763241
87698578
81151724
86652461
82039275
84751897
86610547
85986048
87763258
63179393
80280635
87647516
82681069
87728179
87763260
87763263
87763262
87763261
87763266
63502560
87623346
83150168
83198266
80112552
85131585
86690121
83965832
87720163
86261574
87763252
87763264
87712709
87673477
85151451
80121259
87763256
87720162
87763257
80271765
87763254
66541703
87763255
78408654
87384785
73189337
74104787
67814952
78036257
71172711
61606801
79076120
11095193
81706817
67297337
78399827
76271602
53756380
73355141
83115950
62834538
69988918
31120151
49950435
58205189
72994793
56683444
83092647
64039863
82188736
10337650
75880135
55221477
84871805
87720971
87556705
86411017
50321154
61224978
51613569
61954415
77096685
74531641
79456573
58797051
87721211
73224759
75109902
71685066
79494283
74231755
24750621
55954378
86077009
64963841
83882552
87656613
87674046
79778151
87747512
80249654
86470134
87745579
87729406
82827618
87720812
81332927
87738344
87127775
87774679
87737258
87772939
87657700
87737007
82765710
83851271
87386745
87795922
82141247
87776890
87720254
87752555
87746790
87751105
87168992
87746448
81903269
87752334
76517051
87776642
87734638
87741410
87722660
86539356
87611047
77592341
87772297
85552688
62378886
76632470
87642892
87255412
87734591
87709717
87745777
87745894
76987757
87727821
80163360
86136099
87746631
87744680
87769612
81281324
87749466
85772284
84617285
87733000
87753179
86704840
80028173
87773462
87726157
87742841
87760184
87785533
87731175
85443571
86869186
84242735
87773571
86006470
87769076
87745327
83071417
87726147
87745680
87757274
62631772
87080767
87780174
87760568
87799350
87745603
87799351
87799352
84165022
87225007
87034622
87799355
87799357
87770374
80810038
87775633
21512119
20389673
45045830
59001242
56803205
56879333
77254701
53770384
87550228
87550203
28497080
70876191
2817267
62684550
4590411
69080389
25349025
75904035
69106499
56820953
76767615
65000915
26618613
58138115
59649598
54829673
77328996
44351618
69352126
29055833
85596576
79043896
68809249
41515328
78694888
79468935
84250475
73022457
69069385
77380988
65902824
87811720
62847450
62779169
87811716
87811722
87811715
87761138
81872172
87688454
85748095
87702842
87770125
87623767
75625018
85567284
87811718
87811719
87738227
87716839
80872247
87564583
87764910
87811699
87811731
87811697
87811730
87745615
87735595
87811698
84449466
87811725
87811724
87811727
87811729
87775923
85564560
87811726
87673693
87785844
78080953
87728543
87055468
87782251
83892735
87713395
87746715
87778431
78445854
87776017
87747928
87751866
87747138
87811736
87811738
87811739
87732624
87811737
62513393
87767780
84749521
87746440
87740224
87756534
82762219
87721964
86863567
87773371
85803524
85805425
87631154
87811733
87771904
87730798
84797636
87739376
80360015
86440002
87361702
87785947
87728880
63247945
87623695
87627011
62921836
87644035
87646177
87810671
84516400
87746464
87318763
85059656
87230997
87755603
80755494
77544414
78622604
63076245
62920754
83968563
87738542
87797779
87688656
86662221
87760518
87556640
87772737
87748537
84831516
86212423
87729274
87788556
87722085
82951102
80609326
87811268
87776451
62362244
87811701
87745712
84699019
62348091
87785492
79568289
87802795
87782205
83705282
87811270
87781594
87754556
87811710
87772890
87012845
87661411
87780938
87811703
87811712
87811702
86000405
87811705
87772511
87770697
87811704
87811709
86499671
87811707
87740672
86128296
87746353
87746252
86816178
87771708
87740032
87811706
83335912
83344098
83372396
